Event 1
	service [1.1842236781145112E-5, 2.6390235172874443E-5, 4.515831357962523E-5, 8.218328944246745E-6, 1.953918762020714E-5, 1.1700648094115395E-5, 0.0, 3.611922073208137E-5, 4.742755996903239E-6, 8.63976851630473E-6, 5.787421372141391E-5, 3.9439522572571315E-5, 2.659197205124356E-5, 2.9079559939238643E-5, 3.89882014524802E-5]
Event 2
	cause [0.0, 3.518698023049926E-5, 9.031662715925045E-6, 3.287331577698698E-5, 4.559143778048333E-5, 4.095226832940388E-5, 2.2182419897741793E-5, 3.095933205606974E-5, 2.8456535981419437E-5, 5.615849535598075E-5, 3.744802064326782E-5, 5.587265697780936E-5, 2.9915968557649005E-5, 6.462124430941922E-5, 6.498033575413366E-5]
Event 3
	drink [5.921118390572556E-5, 1.759349011524963E-5, 9.031662715925045E-6, 2.4654986832740234E-5, 1.3026125080138096E-5, 2.9251620235288484E-5, 0.0, 3.611922073208137E-5, 1.4228267990709719E-5, 8.63976851630473E-6, 1.7021827565121735E-5, 1.3146507524190438E-5, 3.323996506405445E-5, 3.5541684370180566E-5, 3.5739184664773515E-5]
Event 4
	white [7.105342068687067E-5, 2.6390235172874443E-5, 9.031662715925045E-6, 0.0, 6.513062540069048E-6, 5.8503240470576976E-6, 5.545604974435449E-5, 3.611922073208137E-5, 3.3199291978322676E-5, 3.455907406521892E-5, 6.8087310260486945E-6, 2.9579641929428486E-5, 3.6563961570459896E-5, 1.9386373292825765E-5, 2.924115108936015E-5]
Event 5
	mexican [0.0, 2.8451300690323825E-5, 2.9211094556121188E-5, 0.0, 4.213037880000185E-5, 3.784339036957683E-5, 3.587228539734905E-5, 1.6688620994256956E-5, 4.6018467996331154E-5, 1.3971795837092841E-5, 2.2021469585928134E-5, 4.251973157664058E-5, 0.0, 1.0450220171133319E-5, 3.152487185978947E-5]
Event 6
	beauty [0.0, 2.8451300690323825E-5, 5.8422189112242377E-5, 0.0, 2.1065189400000924E-5, 9.460847592394206E-5, 5.380842809602358E-5, 1.6688620994256956E-5, 0.0, 1.3971795837092841E-5, 3.30322043788922E-5, 7.440953025912102E-5, 8.600637938493342E-5, 6.270132102679992E-5, 7.355803433950875E-5]
Event 7
	since [5.921118390572556E-5, 0.0, 4.515831357962523E-5, 4.1091644721233727E-5, 3.2565312700345236E-5, 3.5101944282346185E-5, 3.3273629846612696E-5, 2.0639554704046493E-5, 3.3199291978322676E-5, 2.1599421290761826E-5, 2.383055859117043E-5, 3.9439522572571315E-5, 3.9887958076865347E-5, 2.5848497723767685E-5, 4.8735251815600246E-5]
Event 8
	favorite [0.0, 5.2780470345748886E-5, 2.7094988147775134E-5, 3.287331577698698E-5, 5.2104500320552384E-5, 5.850324047057697E-5, 3.3273629846612696E-5, 3.095933205606974E-5, 2.8456535981419437E-5, 3.023918980706655E-5, 2.383055859117043E-5, 3.6152895691523706E-5, 5.650794060889257E-5, 2.9079559939238643E-5, 5.5233285391013615E-5]
Event 9
	phone [0.0, 3.518698023049926E-5, 2.7094988147775134E-5, 4.930997366548047E-5, 3.907837524041428E-5, 2.340129618823079E-5, 5.545604974435449E-5, 4.127910940809299E-5, 4.742755996903239E-5, 1.2959652774457095E-5, 6.8087310260486945E-6, 3.9439522572571315E-5, 3.323996506405445E-5, 2.5848497723767685E-5, 4.548623502789357E-5]
Event 10
	store [2.456245170626043E-5, 0.0, 1.8732928870359108E-5, 1.704596112455905E-5, 4.0527001880677776E-5, 2.4268777010204908E-5, 2.300471724791789E-5, 0.0, 2.9511413413213702E-5, 3.584017122050548E-5, 6.355016247735415E-5, 2.7267691242506334E-5, 3.447216314334969E-5, 5.3613391519945014E-5, 8.086697074113864E-5]
Event 11
	remember [4.736894712458045E-5, 3.518698023049926E-5, 0.0, 3.287331577698698E-5, 2.6052250160276192E-5, 1.7550972141173093E-5, 3.3273629846612696E-5, 5.159888676011624E-5, 3.7942047975225914E-5, 3.455907406521892E-5, 2.383055859117043E-5, 2.300638816733327E-5, 3.323996506405445E-5, 4.200380880112249E-5, 5.5233285391013615E-5]
Event 12
	learn [0.0, 4.3983725288124077E-5, 9.031662715925045E-6, 2.4654986832740234E-5, 6.513062540069048E-6, 5.8503240470576976E-6, 2.7728024872177244E-5, 2.579944338005812E-5, 1.8971023987612957E-5, 2.1599421290761826E-5, 2.0426193078146083E-5, 3.2866268810476096E-5, 2.3267975544838117E-5, 2.2617435508296723E-5, 3.89882014524802E-5]
Event 13
	summer [0.0, 0.0, 1.1684437822448475E-4, 2.6580530233973766E-5, 0.0, 3.784339036957683E-5, 1.7936142698674524E-5, 3.337724198851391E-5, 1.073764253247727E-4, 8.383077502255705E-5, 4.404293917185627E-5, 1.0629932894160145E-5, 9.67571768080501E-5, 1.045022017113332E-4, 1.2609948743915787E-4]
Event 14
	#veterans [0.0, 1.8245676863530948E-5, 1.8732928870359108E-5, 8.522980562279526E-5, 2.7018001253785187E-5, 0.0, 4.600943449583578E-5, 2.1404658386160085E-5, 9.837137804404568E-6, 4.480021402563185E-5, 2.188950040886643E-4, 2.931276808569431E-4, 1.8614968097408835E-4, 2.1445356607978006E-4, 2.3586199799498767E-4]
Event 15
	pharmacy [0.0, 0.0, 0.0, 2.2463680503479716E-4, 5.9341891760820745E-5, 0.0, 0.0, 0.0, 8.642450806659437E-5, 0.0, 3.101789496804372E-5, 8.983546009275544E-5, 6.057127186571344E-5, 2.9438891931924042E-5, 5.920495968188124E-5]
Event 16
	#clerical [0.0, 1.8245676863530948E-5, 1.8732928870359108E-5, 3.40919222491181E-5, 2.7018001253785187E-5, 1.2134388505102454E-5, 0.0, 1.0702329193080042E-5, 9.837137804404568E-6, 2.688012841537911E-5, 7.06112916415046E-5, 6.816922810626583E-5, 4.8261028400689574E-5, 5.3613391519945014E-5, 5.3911313827425756E-5]
Event 17
	starbuck [0.0, 0.0, 0.0, 0.0, 8.649964428152131E-5, 0.0, 1.4730178150858532E-4, 0.0, 0.0, 0.0, 4.5213201020139894E-5, 4.364952038272462E-5, 8.829164886048902E-5, 0.0, 4.3150022692449027E-5]
Event 18
	#sales [2.3684473562290224E-5, 0.0, 1.806332543185009E-5, 4.1091644721233727E-5, 6.513062540069048E-6, 2.340129618823079E-5, 2.7728024872177244E-5, 5.159888676011623E-6, 1.8971023987612957E-5, 8.63976851630473E-6, 2.7234924104194778E-5, 5.587265697780936E-5, 3.9887958076865347E-5, 4.523487101659345E-5, 4.548623502789357E-5]
Event 19
	sound [0.0, 4.3983725288124077E-5, 3.612665086370018E-5, 1.643665788849349E-5, 1.953918762020714E-5, 1.1700648094115395E-5, 6.100165471878993E-5, 2.579944338005812E-5, 4.742755996903239E-5, 5.183861109782838E-5, 4.4256751669316516E-5, 3.2866268810476096E-5, 2.659197205124356E-5, 2.9079559939238643E-5, 4.2237218240186884E-5]
Event 20
	write [1.1842236781145112E-5, 1.759349011524963E-5, 2.7094988147775134E-5, 2.4654986832740234E-5, 1.3026125080138096E-5, 2.340129618823079E-5, 1.6636814923306348E-5, 0.0, 2.3713779984516196E-5, 2.1599421290761826E-5, 1.3617462052097389E-5, 1.9719761286285658E-5, 2.3267975544838117E-5, 2.2617435508296723E-5, 3.249016787706683E-5]
Event 21
	#retail [4.912490341252086E-5, 7.298270745412379E-5, 1.8732928870359108E-5, 0.0, 2.7018001253785187E-5, 2.4268777010204908E-5, 2.300471724791789E-5, 1.0702329193080042E-5, 0.0, 4.480021402563185E-5, 1.059169374622569E-4, 1.976907615081709E-4, 1.5167751783073862E-4, 1.474368266798488E-4, 1.617339414822773E-4]
Event 22
	#cincodemayo [1.0647268393540662E-4, 0.0, 0.0, 1.4778078775644522E-4, 5.8558468479909275E-5, 0.0, 0.0, 6.958827199996397E-5, 8.528354390701573E-5, 3.8839763108614295E-5, 4.5912601643714514E-5, 1.4774910837644792E-5, 2.9885809241071444E-5, 4.357536575242441E-5, 4.3817508119214426E-5]
Event 23
	group [2.3684473562290224E-5, 1.759349011524963E-5, 0.0, 1.643665788849349E-5, 2.6052250160276192E-5, 2.340129618823079E-5, 2.2182419897741793E-5, 1.547966602803487E-5, 1.4228267990709719E-5, 4.319884258152365E-6, 3.0639289617219126E-5, 2.300638816733327E-5, 2.9915968557649005E-5, 1.6155311077354804E-5, 3.249016787706683E-5]
